#BJDTDB Flux Fluxerr
 2458468.4320781016722322       0.9997439012987041       0.0003033505204062
 2458468.4529119338840246       0.9999424710220458       0.0003033505204062
 2458468.4737457651644945       0.9998087299146130       0.0003033505204062
 2458468.4945795950479805       0.9996892563027395       0.0003033505204062
 2458468.5154134244658053       1.0005567155772315       0.0003033505204062
 2458468.5362472529523075       1.0001345917929714       0.0003033505204062
 2458468.5570810800418258       1.0000786633720409       0.0003033505204062
 2458468.5779149062000215       1.0001425130633157       0.0003033505204062
 2458468.5987487318925560       0.9999584303601369       0.0003033505204062
 2458468.6195825561881065       0.9997897369091087       0.0003033505204062
 2458468.6404163795523345       1.0003581795197014       0.0003033505204062
 2458468.6612502024509013       0.9997621513247376       0.0003033505204062
 2458468.6820840239524841       0.9997716708571538       0.0003033505204062
 2458468.7029178445227444       0.9999813119993204       0.0003033505204062
 2458468.7237516641616821       0.9999627626149163       0.0003033505204062
 2458468.7445854828692973       1.0000964744670142       0.0003033505204062
 2458468.7654193011112511       1.0000577714066847       0.0003033505204062
 2458468.7862531179562211       0.9999775781224566       0.0003033505204062
 2458468.8070869338698685       1.0001949819904383       0.0003033505204062
 2458468.8279207488521934       1.0001835649113555       0.0003033505204062
 2458468.8487545629031956       0.9999702212395593       0.0003033505204062
 2458468.8695883760228753       1.0000170085717632       0.0003033505204062
 2458468.8904221882112324       0.9999619566872746       0.0003033505204062
 2458468.9112559994682670       1.0002316315578101       0.0003033505204062
 2458468.9320898097939789       0.9997887799570681       0.0003033505204062
 2458468.9529236191883683       1.0001637596254593       0.0003033505204062
 2458468.9945912347175181       1.0003244773298656       0.0003033505204062
 2458469.0154250413179398       0.9998538870813092       0.0003033505204062
 2458469.0362588469870389       0.9997147802820726       0.0003033505204062
 2458469.0570926517248154       1.0002269701791460       0.0003033505204062
 2458469.0779264555312693       1.0001303664957550       0.0003033505204062
 2458469.0987602584064007       0.9999066073643580       0.0003033505204062
 2458469.1195940603502095       0.9998521218947283       0.0003033505204062
 2458469.1404278608970344       0.9999447791360373       0.0003033505204062
 2458469.2445968519896269       0.9999579193549850       0.0003033505204062
 2458469.2654306469485164       0.9997839198150984       0.0003033505204062
 2458469.2862644414417446       0.9997585115294041       0.0003033505204062
 2458469.3070982350036502       1.0002469572898052       0.0003033505204062
 2458469.3279320276342332       0.9998292637111823       0.0003033505204062
 2458469.3487658193334937       0.9998353338917768       0.0003033505204062
 2458469.3695996101014316       0.9998451855371362       0.0003033505204062
 2458469.3904333994723856       0.9998606950834994       0.0003033505204062
 2458469.4112671883776784       0.9997253156286651       0.0003033505204062
 2458469.4321009763516486       0.9999962900987587       0.0003033505204062
 2458469.4529347633942962       0.9997582716678751       0.0003033505204062
 2458469.4737685495056212       1.0002422974387917       0.0003033505204062
 2458469.4946023346856236       1.0002754730250232       0.0003033505204062
 2458469.5154361189343035       0.9998775839037319       0.0003033505204062
 2458469.5362699017859995       0.9997133319814592       0.0003033505204062
 2458469.5571036841720343       1.0002720863840711       0.0003033505204062
 2458469.5779374656267464       1.0000348069083715       0.0003033505204062
 2458469.5987712461501360       1.0006197749466124       0.0003033505204062
 2458469.6196050257422030       0.9996819474338404       0.0003033505204062
 2458469.6404388044029474       0.9997869182464646       0.0003033505204062
 2458469.6612725821323693       1.0000698304380098       0.0003033505204062
 2458469.6821063589304686       0.9990408640419131       0.0003033505204062
 2458469.7029401347972453       0.9954612838957666       0.0003033505204062
 2458469.7237739097326994       0.9933219123205099       0.0003033505204062
 2458469.7446076837368309       0.9932835109136317       0.0003033505204062
 2458469.7654414568096399       0.9935638815581493       0.0003033505204062
 2458469.7862752289511263       0.9941808759295031       0.0003033505204062
 2458469.8071090001612902       0.9971610328572157       0.0003033505204062
 2458469.8279427709057927       1.0000154333189049       0.0003033505204062
 2458469.8487765402533114       0.9994537707578647       0.0003033505204062
 2458469.8696103086695075       1.0002121805193662       0.0003033505204062
 2458469.8904440761543810       1.0000516352402771       0.0003033505204062
 2458469.9112778427079320       1.0002001859506522       0.0003033505204062
 2458469.9321116083301604       1.0004498342078638       0.0003033505204062
 2458469.9529453734867275       0.9995373268693102       0.0003033505204062
 2458469.9737791372463107       0.9997916534575819       0.0003033505204062
 2458469.9946129000745714       0.9997741087044787       0.0003033505204062
 2458470.0154466619715095       1.0002379516997439       0.0003033505204062
 2458470.0362804234027863       0.9996737873813087       0.0003033505204062
 2458470.0571141834370792       0.9997327085191582       0.0003033505204062
 2458470.0779479430057108       0.9998689778712985       0.0003033505204062
 2458470.0987817011773586       1.0001128520760523       0.0003033505204062
 2458470.1196154584176838       1.0000780638496043       0.0003033505204062
 2458470.1404492151923478       1.0000652229724540       0.0003033505204062
 2458470.1612829705700278       0.9999348575374256       0.0003033505204062
 2458470.1821167254820466       1.0004032400589675       0.0003033505204062
 2458470.2029504789970815       0.9997951035725504       0.0003033505204062
 2458470.2237842320464551       0.9997020266776757       0.0003033505204062
 2458470.2446179841645062       0.9999426248941025       0.0003033505204062
 2458470.2654517348855734       0.9997473476404992       0.0003033505204062
 2458470.2862854851409793       1.0001755693366903       0.0003033505204062
 2458470.3071192339994013       0.9998942555207855       0.0003033505204062
 2458470.3279529823921621       0.9999056076492656       0.0003033505204062
 2458470.3487867298536003       1.0002255805530256       0.0003033505204062
 2458470.3696204763837159       0.9999136165846836       0.0003033505204062
 2458470.3904542215168476       0.9994605964368292       0.0003033505204062
 2458470.4112879661843181       1.0003455450603733       0.0003033505204062
 2458470.4321217099204659       0.9996551247593032       0.0003033505204062
 2458470.4529554527252913       0.9997989624903525       0.0003033505204062
 2458470.4737891945987940       1.0000522422771452       0.0003033505204062
 2458470.4946229355409741       0.9997185369950262       0.0003033505204062
 2458470.5154566755518317       1.0004595164378782       0.0003033505204062
 2458470.5362904146313667       0.9998728323825199       0.0003033505204062
 2458470.5571241527795792       1.0001158168625535       0.0003033505204062
 2458470.5779578899964690       0.9997834019070423       0.0003033505204062
 2458470.5987916262820363       0.9997061499924503       0.0003033505204062
 2458470.6196253616362810       1.0001670230292032       0.0003033505204062
 2458470.6404590960592031       0.9997718316076222       0.0003033505204062
 2458470.6612928295508027       1.0000364446850372       0.0003033505204062
 2458470.6821265621110797       1.0001161913599590       0.0003033505204062
 2458470.7029602937400341       1.0007794856952608       0.0003033505204062
 2458470.7237940249033272       1.0007360288961020       0.0003033505204062
 2458470.7446277546696365       0.9999181280485898       0.0003033505204062
 2458470.7654614835046232       1.0002190196359571       0.0003033505204062
 2458470.7862952114082873       1.0005089452947915       0.0003033505204062
 2458470.8071289388462901       1.0005188314055189       0.0003033505204062
 2458470.8279626648873091       0.9998758009770152       0.0003033505204062
 2458470.8487963899970055       1.0000817750954258       0.0003033505204062
 2458470.8696301146410406       1.0000166539432076       0.0003033505204062
 2458470.8904638378880918       1.0000059108129673       0.0003033505204062
 2458470.9112975606694818       1.0000278274882095       0.0003033505204062
 2458470.9321312820538878       0.9998618963853098       0.0003033505204062
 2458470.9529650029726326       1.0000828128212380       0.0003033505204062
 2458470.9737987224943936       1.0002876832578662       0.0003033505204062
 2458470.9946324415504932       1.0002606515737482       0.0003033505204062
 2458471.0154661592096090       0.9997262304488208       0.0003033505204062
 2458471.0362998764030635       0.9997596120647154       0.0003033505204062
 2458471.0571335926651955       0.9998496357502473       0.0003033505204062
 2458471.0779673075303435       1.0005746483874980       0.0003033505204062
 2458471.0988010219298303       1.0000391019988244       0.0003033505204062
 2458471.1196347353979945       0.9998889493491427       0.0003033505204062
 2458471.1404684479348361       1.0002968143679056       0.0003033505204062
 2458471.1613021590746939       0.9999914143669119       0.0003033505204062
 2458471.1821358697488904       1.0006188730078374       0.0003033505204062
 2458471.2029695794917643       1.0002650602664058       0.0003033505204062
 2458471.2238032883033156       0.9995331914673046       0.0003033505204062
 2458471.2446369961835444       1.0000890954838535       0.0003033505204062
 2458471.2654707026667893       1.0003109142695443       0.0003033505204062
 2458471.2863044086843729       1.0003355309428479       0.0003033505204062
 2458471.3071381137706339       1.0007402632004765       0.0003033505204062
 2458471.3279718179255724       1.0001948014950934       0.0003033505204062
 2458471.3488055211491883       1.0005687387618667       0.0003033505204062
 2458471.3696392234414816       1.0001466310037019       0.0003033505204062
 2458471.3904729248024523       0.9998536970689983       0.0003033505204062
 2458472.2238202178850770       0.9999216713414476       0.0003033505204062
 2458472.2446538810618222       0.9994521448775865       0.0003033505204062
 2458472.2654875433072448       1.0005187784326675       0.0003033505204062
 2458472.2863212046213448       1.0002908071842740       0.0003033505204062
 2458472.3071548650041223       0.9997136261254026       0.0003033505204062
 2458472.3488221829757094       1.0001971415780484       0.0003033505204062
 2458472.3696558400988579       1.0004940272256797       0.0003033505204062
 2458472.3904894967563450       1.0001901501645662       0.0003033505204062
 2458472.4113231524825096       0.9999221705178269       0.0003033505204062
 2458472.4321568072773516       0.9999992085240654       0.0003033505204062
 2458472.4529904611408710       1.0002093803635552       0.0003033505204062
 2458472.4738241136074066       1.0000686358823045       0.0003033505204062
 2458472.4946577656082809       0.9998780764858503       0.0003033505204062
 2458472.5154914166778326       1.0003490435652984       0.0003033505204062
 2458472.5363250663504004       0.9994001998579488       0.0003033505204062
 2458472.5571587155573070       1.0000972708773728       0.0003033505204062
 2458472.5779923638328910       1.0000617091046196       0.0003033505204062
 2458472.5988260107114911       1.0003188923785511       0.0003033505204062
 2458472.6196596571244299       1.0005457180133366       0.0003033505204062
 2458472.6404933021403849       1.0001641315572809       0.0003033505204062
 2458472.6613269462250173       1.0007630879642020       0.0003033505204062
 2458472.6821605898439884       1.0004459650167943       0.0003033505204062
 2458472.7446615137159824       1.0004036811531922       0.0003033505204062
 2458472.7654951531440020       1.0004440920143476       0.0003033505204062
 2458472.7863287921063602       1.0003217544404819       0.0003033505204062
 2458472.8071624292060733       0.9993614884678979       0.0003033505204062
 2458472.8279960658401251       0.9999727383545071       0.0003033505204062
 2458472.8488297015428543       1.0003726742139145       0.0003033505204062
 2458472.8696633363142610       1.0001839873560965       0.0003033505204062
 2458472.8904969701543450       0.9996309320847311       0.0003033505204062
 2458472.9113306030631065       0.9994945061375100       0.0003033505204062
 2458472.9321642345748842       1.0001087774622541       0.0003033505204062
 2458472.9529978656210005       1.0006503193798173       0.0003033505204062
 2458472.9738314952701330       1.0002159220004243       0.0003033505204062
 2458472.9946651244536042       1.0003967125685762       0.0003033505204062
 2458473.0154987522400916       1.0002169763764548       0.0003033505204062
 2458473.0363323790952563       1.0002716231739319       0.0003033505204062
 2458473.0571660050190985       1.0006166482404124       0.0003033505204062
 2458473.0779996304772794       1.0002596404834205       0.0003033505204062
 2458473.0988332540728152       0.9997432650746193       0.0003033505204062
 2458473.1196668772026896       1.0003796598976011       0.0003033505204062
 2458473.1405004994012415       1.0004789745993785       0.0003033505204062
 2458473.1613341206684709       0.9997561199196020       0.0003033505204062
 2458473.1821677410043776       1.0004342644983291       0.0003033505204062
 2458473.2030013599433005       0.9999589379618725       0.0003033505204062
 2458473.2238349784165621       0.9998633263397453       0.0003033505204062
 2458473.2446685954928398       1.0002825639561015       0.0003033505204062
 2458473.2655022116377950       1.0001106380707263       0.0003033505204062
 2458473.2863358268514276       0.9998248865874180       0.0003033505204062
 2458473.3071694411337376       0.9999171370175685       0.0003033505204062
 2458473.3280030544847250       0.9998434381650568       0.0003033505204062
 2458473.3488366669043899       1.0001592164244737       0.0003033505204062
 2458473.3696702783927321       0.9999415954803473       0.0003033505204062
 2458473.3905038884840906       0.9997878112715746       0.0003033505204062
 2458473.4113374981097877       0.9995980907340650       0.0003033505204062
 2458473.4321711063385010       1.0001819242864158       0.0003033505204062
 2458473.4530047141015530       0.9995191088789299       0.0003033505204062
 2458473.4738383204676211       1.0000986040991500       0.0003033505204062
 2458473.4946719259023666       0.9999443047207885       0.0003033505204062
 2458473.5155055299401283       1.0004301817185781       0.0003033505204062
 2458473.5363391335122287       1.0003797925306432       0.0003033505204062
 2458473.5571727361530066       1.0005786655259123       0.0003033505204062
 2458473.5780063373968005       0.9994781143573614       0.0003033505204062
 2458473.5988399377092719       1.0003972815038202       0.0003033505204062
 2458473.6196735375560820       0.9997831032799707       0.0003033505204062
 2458473.6405071360059083       1.0002271199875004       0.0003033505204062
 2458473.6613407330587506       0.9997257222624230       0.0003033505204062
 2458473.6821743296459317       1.0000490507177704       0.0003033505204062
 2458473.7030079253017902       0.9993720826383696       0.0003033505204062
 2458473.7238415195606649       0.9997161038013949       0.0003033505204062
 2458473.7446751128882170       0.9997935950470644       0.0003033505204062
 2458473.7655087052844465       0.9998640934891408       0.0003033505204062
 2458473.7863422967493534       1.0002295617675572       0.0003033505204062
 2458473.8071758872829378       1.0000285710333725       0.0003033505204062
 2458473.8280094768851995       1.0000417197499440       0.0003033505204062
 2458473.8488430650904775       0.9999391909143961       0.0003033505204062
 2458473.8696766523644328       0.9994204595755769       0.0003033505204062
 2458473.8905102387070656       0.9998205370289502       0.0003033505204062
 2458473.9113438241183758       1.0004017940469592       0.0003033505204062
 2458473.9321774081327021       1.0001926324920059       0.0003033505204062
 2458473.9530109916813672       1.0001188780707608       0.0003033505204062
 2458473.9738445738330483       1.0002546032576076       0.0003033505204062
 2458473.9946781550534070       0.9999423205191281       0.0003033505204062
 2458474.0155117353424430       1.0000109795245942       0.0003033505204062
 2458474.0363453147001565       1.0000737228570447       0.0003033505204062
 2458474.0571788926608860       0.9997413480756815       0.0003033505204062
 2458474.0780124696902931       0.9996334211897439       0.0003033505204062
 2458474.0988460457883775       0.9999439088484571       0.0003033505204062
 2458474.1196796209551394       0.9998050151069406       0.0003033505204062
 2458474.1405131951905787       1.0002493335105873       0.0003033505204062
 2458474.1613467680290341       0.9999153429182005       0.0003033505204062
 2458474.1821803399361670       0.9994932248696976       0.0003033505204062
 2458474.2030139109119773       0.9997739268722933       0.0003033505204062
 2458474.2238474804908037       0.9995054189974537       0.0003033505204062
 2458474.2446810496039689       1.0003534746181955       0.0003033505204062
 2458474.2655146173201501       0.9997203262026425       0.0003033505204062
 2458474.2863481841050088       0.9997055291794986       0.0003033505204062
 2458474.3071817494928837       0.9997246063407060       0.0003033505204062
 2458474.3280153144150972       1.0000494606953849       0.0003033505204062
 2458474.3488488779403269       1.0001440754862387       0.0003033505204062
 2458474.3696824405342340       1.0001988672358169       0.0003033505204062
 2458474.3905160017311573       1.0005595748525506       0.0003033505204062
 2458474.4113495619967580       1.0000144108997189       0.0003033505204062
 2458474.4321831213310361       1.0001021105157697       0.0003033505204062
 2458474.4530166797339916       0.9997922866137127       0.0003033505204062
 2458474.4738502367399633       1.0000299817096656       0.0003033505204062
 2458474.4946837932802737       0.9997179353335358       0.0003033505204062
 2458474.5155173479579389       1.0003638924830083       0.0003033505204062
 2458474.5363509021699429       0.9998837903737340       0.0003033505204062
 2458475.3071916229091585       1.0000631321645936       0.0003033505204062
 2458475.3280251342803240       0.9996396163295195       0.0003033505204062
 2458475.3488586447201669       1.0002567806184901       0.0003033505204062
 2458475.3696921537630260       1.0005155258723726       0.0003033505204062
 2458475.3905256614089012       0.9999393426105169       0.0003033505204062
 2458475.4113591681234539       1.0002597316740880       0.0003033505204062
 2458475.4321926734410226       0.9998599910528916       0.0003033505204062
 2458475.4530261778272688       1.0000169646074335       0.0003033505204062
 2458475.4738596808165312       0.9999520356512898       0.0003033505204062
 2458475.4946931824088097       0.9997707423460744       0.0003033505204062
 2458475.5155266830697656       0.9994105231313283       0.0003033505204062
 2458475.5363601827993989       1.0000206057505314       0.0003033505204062
 2458475.5571936806663871       0.9999077842149634       0.0003033505204062
 2458475.5780271780677140       1.0003065468216281       0.0003033505204062
 2458475.5988606736063957       1.0000391954015491       0.0003033505204062
 2458475.6196941682137549       0.9999221392496637       0.0003033505204062
 2458475.6405276614241302       0.9999180913805500       0.0003033505204062
 2458475.6613611537031829       1.0000914994081598       0.0003033505204062
 2458475.6821946445852518       1.0004107874345796       0.0003033505204062
 2458475.7030281340703368       0.9999465371702910       0.0003033505204062
 2458475.7238616226240993       0.9999334034419805       0.0003033505204062
 2458475.7446951097808778       0.9998956016476750       0.0003033505204062
 2458475.7655285955406725       1.0000003357018110       0.0003033505204062
 2458475.7863620803691447       1.0001443240305354       0.0003033505204062
 2458475.8071955638006330       0.9995545181965240       0.0003033505204062
 2458475.8280290458351374       1.0005568666552798       0.0003033505204062
 2458475.8488625269383192       1.0000949869931042       0.0003033505204062
 2458475.8696960066445172       1.0001928476008966       0.0003033505204062
 2458475.8905294849537313       1.0005114143302765       0.0003033505204062
 2458475.9113629618659616       0.9998676254971728       0.0003033505204062
 2458475.9321964378468692       0.9995718253704560       0.0003033505204062
 2458475.9530299124307930       1.0003025662626290       0.0003033505204062
 2458475.9738633856177330       1.0001467290187005       0.0003033505204062
 2458475.9946968578733504       1.0000375666360946       0.0003033505204062
 2458476.0155303282663226       1.0002353326058315       0.0003033505204062
 2458476.0363637977279723       1.0001686999223121       0.0003033505204062
 2458476.0571972662582994       0.9997124580507842       0.0003033505204062
 2458476.0780307329259813       1.0001882504136439       0.0003033505204062
 2458476.0988641986623406       1.0001889354918752       0.0003033505204062
 2458476.1196976630017161       1.0002330908767192       0.0003033505204062
 2458476.1405311259441078       1.0005130270282667       0.0003033505204062
 2458476.1613645874895155       1.0000337386357774       0.0003033505204062
 2458476.1821980481036007       1.0005225042763704       0.0003033505204062
 2458476.2030315073207021       1.0000177907378851       0.0003033505204062
 2458476.2238649651408195       1.0002052550180023       0.0003033505204062
 2458476.2446984215639532       1.0001130459205971       0.0003033505204062
 2458476.2655318770557642       0.9998157452772420       0.0003033505204062
 2458476.2863653306849301       0.9996718330179930       0.0003033505204062
 2458476.3071987833827734       0.9999888269389650       0.0003033505204062
 2458476.3280322351492941       0.9995500322908668       0.0003033505204062
 2458476.3488656850531697       0.9994070478461022       0.0003033505204062
 2458476.3696991340257227       0.9998135007000379       0.0003033505204062
 2458476.3905325816012919       0.9995552187804093       0.0003033505204062
 2458476.4113660277798772       1.0002160260321109       0.0003033505204062
 2458476.4321994725614786       1.0001270885758795       0.0003033505204062
 2458476.4530329164117575       0.9999602100307298       0.0003033505204062
 2458476.4738663588650525       1.0000549182409295       0.0003033505204062
 2458476.4946998003870249       0.9996959957417886       0.0003033505204062
 2458476.5155332400463521       0.9999401018240868       0.0003033505204062
 2458476.5363666792400181       1.0006521897756686       0.0003033505204062
 2458476.5572001165710390       0.9999199753016168       0.0003033505204062
 2458476.5780335529707372       0.9998679025841073       0.0003033505204062
 2458476.5988669884391129       1.0000126202505344       0.0003033505204062
 2458476.6197004225105047       1.0000337424670274       0.0003033505204062
 2458476.6405338551849127       0.9999142078091580       0.0003033505204062
 2458476.6613672869279981       0.9997298828111570       0.0003033505204062
 2458476.6822007177397609       0.9996530212307021       0.0003033505204062
 2458476.7030341476202011       0.9997543321665819       0.0003033505204062
 2458476.7238675761036575       0.9995575246833680       0.0003033505204062
 2458476.7447010036557913       1.0002485789693807       0.0003033505204062
 2458476.7655344302766025       0.9999785238133556       0.0003033505204062
 2458476.7863678564317524       0.9999235768800397       0.0003033505204062
 2458476.8072012811899185       1.0003981168487244       0.0003033505204062
 2458476.8280347050167620       0.9999075761770784       0.0003033505204062
 2458476.8488681283779442       0.9996591833159938       0.0003033505204062
 2458478.6768541322089732       1.0003904595460862       0.0003033505204062
 2458478.6976874452084303       1.0001245258877001       0.0003033505204062
 2458478.7185207577422261       0.9998147415003314       0.0003033505204062
 2458478.7393540702760220       1.0000330800180175       0.0003033505204062
 2458478.7601873823441565       0.9998038261660815       0.0003033505204062
 2458478.7810206948779523       0.9998224247521971       0.0003033505204062
 2458478.8226873190142214       0.9993189160544425       0.0003033505204062
 2458478.8435206310823560       1.0001920954706660       0.0003033505204062
 2458478.9268538793548942       1.0000654845106904       0.0003033505204062
 2458478.9476871914230287       1.0001062135651073       0.0003033505204062
 2458478.9685205034911633       0.9996527402207737       0.0003033505204062
 2458478.9893538155592978       0.9996609544648153       0.0003033505204062
 2458479.0310204396955669       1.0001883727423473       0.0003033505204062
 2458479.0518537522293627       0.9999893343341738       0.0003033505204062
 2458479.0726870642974973       0.9997085407876463       0.0003033505204062
 2458479.0935203768312931       1.0006947838027225       0.0003033505204062
 2458479.1560203144326806       1.0000129072991324       0.0003033505204062
 2458479.1768536269664764       0.9997429891118983       0.0003033505204062
 2458479.1976869395002723       1.0004372863223912       0.0003033505204062
 2458479.2185202524997294       1.0000471208391999       0.0003033505204062
 2458479.2393535654991865       0.9999334346041582       0.0003033505204062
 2458479.2601868789643049       1.0004673424078558       0.0003033505204062
 2458479.3018535054288805       1.0000629748713119       0.0003033505204062
 2458479.3226868188939989       0.9997634582871693       0.0003033505204062
 2458479.3435201323591173       1.0005364463166473       0.0003033505204062
 2458479.3851867602206767       0.9996819092430650       0.0003033505204062
 2458479.4060200741514564       1.0001162437014954       0.0003033505204062
 2458479.4268533885478973       1.0003353062561704       0.0003033505204062
 2458479.4476867024786770       1.0000050827503111       0.0003033505204062
 2458479.4685200173407793       0.9999160424348600       0.0003033505204062
 2458479.4893533317372203       1.0001521540967122       0.0003033505204062
 2458479.5101866465993226       0.9998413633202938       0.0003033505204062
 2458479.5310199614614248       0.9998948128011212       0.0003033505204062
 2458479.5518532767891884       0.9998913504600816       0.0003033505204062
 2458479.5726865921169519       0.9997913535322179       0.0003033505204062
 2458479.5935199074447155       1.0003247836390534       0.0003033505204062
 2458479.6143532232381403       1.0000944812618953       0.0003033505204062
 2458479.6351865390315652       1.0008314347456821       0.0003033505204062
 2458479.6560198548249900       1.0003070628144126       0.0003033505204062
 2458479.6768531710840762       0.9994834354046117       0.0003033505204062
 2458479.6976864873431623       0.9971070692727121       0.0003033505204062
 2458479.7185198040679097       0.9942762961882582       0.0003033505204062
 2458479.7393531207926571       0.9927830021769686       0.0003033505204062
 2458479.7601864375174046       0.9931714057298398       0.0003033505204062
 2458479.7810197547078133       0.9938642999617954       0.0003033505204062
 2458479.8018530718982220       0.9955246292764320       0.0003033505204062
 2458479.8226863895542920       0.9991064806346773       0.0003033505204062
 2458479.8435197072103620       1.0002493701253263       0.0003033505204062
 2458479.8643530248664320       0.9996562265469873       0.0003033505204062
 2458479.8851863429881632       0.9998382183461847       0.0003033505204062
 2458479.9060196611098945       0.9998620711659438       0.0003033505204062
 2458479.9268529796972871       1.0000544807303300       0.0003033505204062
 2458479.9476862982846797       0.9997039891416243       0.0003033505204062
 2458479.9685196173377335       1.0002961555234187       0.0003033505204062
 2458479.9893529363907874       0.9997922458118986       0.0003033505204062
 2458480.0101862554438412       0.9995251149791679       0.0003033505204062
 2458480.0310195749625564       1.0002873993408559       0.0003033505204062
 2458480.0518528944812715       0.9995286609811453       0.0003033505204062
 2458480.0726862144656479       0.9998344057772712       0.0003033505204062
 2458480.0935195344500244       1.0005090810582669       0.0003033505204062
 2458480.1143528549000621       0.9998390029854085       0.0003033505204062
 2458480.1351861753500998       1.0003116723741330       0.0003033505204062
 2458480.1560194958001375       1.0002616527079438       0.0003033505204062
 2458480.1768528167158365       0.9997871323908869       0.0003033505204062
 2458480.1976861376315355       1.0001378743026790       0.0003033505204062
 2458480.2185194590128958       0.9998819051727690       0.0003033505204062
 2458480.2393527803942561       0.9997633197975291       0.0003033505204062
 2458480.2601861022412777       1.0001271824685027       0.0003033505204062
 2458480.2810194240882993       0.9996805273605479       0.0003033505204062
 2458480.3018527464009821       1.0000398873358309       0.0003033505204062
 2458480.3226860687136650       1.0001599238505223       0.0003033505204062
 2458480.3435193914920092       1.0003325510410834       0.0003033505204062
 2458480.3643527142703533       0.9998943476631632       0.0003033505204062
 2458480.3851860370486975       0.9997345408500163       0.0003033505204062
 2458480.4060193602927029       0.9998524288780188       0.0003033505204062
 2458480.4268526835367084       1.0000924035883847       0.0003033505204062
 2458480.4476860072463751       1.0000760327163816       0.0003033505204062
 2458480.4685193314217031       1.0004985773548849       0.0003033505204062
 2458480.4893526551313698       1.0002085382104577       0.0003033505204062
 2458480.5101859797723591       1.0006455449738898       0.0003033505204062
 2458480.5310193039476871       1.0001512750143804       0.0003033505204062
 2458480.5518526290543377       1.0002709127073954       0.0003033505204062
 2458480.5726859536953270       0.9999129172874137       0.0003033505204062
 2458480.5935192788019776       1.0001817553544246       0.0003033505204062
 2458480.6143526043742895       0.9998522784127378       0.0003033505204062
 2458480.6351859299466014       0.9997619381505187       0.0003033505204062
 2458480.6560192559845746       0.9995549868961473       0.0003033505204062
 2458480.6768525820225477       0.9996436125799566       0.0003033505204062
 2458480.6976859080605209       1.0003728623509778       0.0003033505204062
 2458480.7185192345641553       0.9998363683231773       0.0003033505204062
 2458480.7393525615334511       1.0000922872625104       0.0003033505204062
 2458480.7601858880370855       1.0001487720586313       0.0003033505204062
 2458480.7810192154720426       1.0000881473208285       0.0003033505204062
 2458480.8018525429069996       0.9999956779435490       0.0003033505204062
 2458480.8226858703419566       1.0002301338344632       0.0003033505204062
 2458480.8435191982425749       1.0001706424015644       0.0003033505204062
 2458480.8643525261431932       1.0000540192115137       0.0003033505204062
 2458480.8851858545094728       0.9997259432320987       0.0003033505204062
 2458480.9060191828757524       0.9999304583917324       0.0003033505204062
 2458480.9268525117076933       1.0000412533378227       0.0003033505204062
 2458480.9476858405396342       1.0000219058919220       0.0003033505204062
 2458480.9685191698372364       0.9999362906709385       0.0003033505204062
 2458480.9893524991348386       0.9997744017691755       0.0003033505204062
 2458481.0101858288981020       1.0004662058177447       0.0003033505204062
 2458481.0310191586613655       1.0001200518146636       0.0003033505204062
 2458481.0518524884246290       0.9995434299292320       0.0003033505204062
 2458481.0726858186535537       0.9997443228274252       0.0003033505204062
 2458481.0935191493481398       1.0001910204866769       0.0003033505204062
 2458481.1143524800427258       0.9997009199264675       0.0003033505204062
 2458481.1351858112029731       1.0001597036499652       0.0003033505204062
 2458481.1560191418975592       0.9998043283218634       0.0003033505204062
 2458481.1768524735234678       1.0000981946668330       0.0003033505204062
 2458481.1976858051493764       0.9998891666427044       0.0003033505204062
 2458481.2185191367752850       1.0001742300780769       0.0003033505204062
 2458481.2393524688668549       0.9999335704529725       0.0003033505204062
 2458481.2601858014240861       0.9999617653623043       0.0003033505204062
 2458481.3226857995614409       0.9995806432709574       0.0003033505204062
 2458481.3435191325843334       1.0000733876430852       0.0003033505204062
 2458481.3643524660728872       0.9998000542351665       0.0003033505204062
 2458481.3851858000271022       0.9995757242597025       0.0003033505204062
 2458481.4060191335156560       1.0002066136103938       0.0003033505204062
 2458481.4268524679355323       1.0004346746815580       0.0003033505204062
 2458481.4476858018897474       1.0001695510034863       0.0003033505204062
 2458481.4685191367752850       1.0002033555496659       0.0003033505204062
 2458481.4893524711951613       1.0001957918856930       0.0003033505204062
 2458481.5101858065463603       0.9994360923432937       0.0003033505204062
 2458481.5310191414318979       1.0001575694245326       0.0003033505204062
 2458481.5518524772487581       0.9997830787967772       0.0003033505204062
 2458481.5726858125999570       1.0001154692672618       0.0003033505204062
 2458481.5935191488824785       1.0000904707361868       0.0003033505204062
 2458481.6143524846993387       1.0004087958136054       0.0003033505204062
 2458481.6351858209818602       1.0002772595881659       0.0003033505204062
 2458481.6560191577300429       0.9995892134750000       0.0003033505204062
 2458481.6768524944782257       1.0000542549659526       0.0003033505204062
 2458481.6976858316920698       0.9999671135643545       0.0003033505204062
 2458481.7185191689059138       0.9995722441284122       0.0003033505204062
 2458481.7393525065854192       1.0000219524431053       0.0003033505204062
 2458481.7601858442649245       1.0001584034598883       0.0003033505204062
 2458481.7810191819444299       1.0001244593458565       0.0003033505204062
 2458481.8018525200895965       1.0002638306688667       0.0003033505204062
 2458481.8226858587004244       1.0004617324858649       0.0003033505204062
 2458481.8435191973112524       0.9996878162886991       0.0003033505204062
 2458481.8643525359220803       0.9995434826657186       0.0003033505204062
 2458481.8851858754642308       0.9992318729407726       0.0003033505204062
 2458481.9060192145407200       1.0001795188442280       0.0003033505204062
 2458481.9268525540828705       0.9999325403541376       0.0003033505204062
 2458481.9476858940906823       1.0000301833221721       0.0003033505204062
 2458481.9893525741063058       1.0003057823775585       0.0003033505204062
 2458482.0101859145797789       1.0002504946920925       0.0003033505204062
 2458482.0310192550532520       0.9999698111811597       0.0003033505204062
 2458482.0518525959923863       0.9995536396713423       0.0003033505204062
 2458482.0726859373971820       1.0002424112049120       0.0003033505204062
 2458482.0935192788019776       0.9994731103785279       0.0003033505204062
 2458482.1143526202067733       1.0001514101251732       0.0003033505204062
 2458482.1351859620772302       0.9999838917985050       0.0003033505204062
 2458482.1560193039476871       0.9997334777435259       0.0003033505204062
 2458482.1768526462838054       1.0005610294711984       0.0003033505204062
 2458482.1976859890855849       0.9994919621282558       0.0003033505204062
 2458482.2185193318873644       1.0000188568529644       0.0003033505204062
 2458482.2393526746891439       1.0000240816298553       0.0003033505204062
 2458482.2601860179565847       0.9994036323220805       0.0003033505204062
 2458482.2810193612240255       0.9999762717884000       0.0003033505204062
 2458482.3018527049571276       1.0005247631028220       0.0003033505204062
 2458482.3226860486902297       1.0000705980732509       0.0003033505204062
 2458482.3435193928889930       1.0002927157692294       0.0003033505204062
 2458482.3643527370877564       0.9999245805210678       0.0003033505204062
 2458482.3851860817521811       0.9995328768018438       0.0003033505204062
 2458482.4060194268822670       1.0001312664621453       0.0003033505204062
 2458482.4268527715466917       1.0002200887404049       0.0003033505204062
 2458482.4476861171424389       0.9998806000281524       0.0003033505204062
 2458482.4685194622725248       1.0000911772941741       0.0003033505204062
 2458482.4893528083339334       1.0000339755170999       0.0003033505204062
 2458482.5101861539296806       1.0002340110698129       0.0003033505204062
 2458482.5310195004567504       1.0000639350623417       0.0003033505204062
 2458482.5518528465181589       1.0002234941580241       0.0003033505204062
 2458482.5726861935108900       1.0005489306092099       0.0003033505204062
 2458482.5935195400379598       0.9997973415578451       0.0003033505204062
 2458482.6143528874963522       0.9996705787199797       0.0003033505204062
 2458482.6351862344890833       0.9995372533906232       0.0003033505204062
 2458482.6560195824131370       1.0003355580842253       0.0003033505204062
 2458482.6768529298715293       0.9998301849128203       0.0003033505204062
 2458482.6976862782612443       1.0000089960081093       0.0003033505204062
 2458482.7185196261852980       1.0002546563983750       0.0003033505204062
 2458482.7393529745750129       0.9993530626963277       0.0003033505204062
 2458482.7601863234303892       0.9997234624808774       0.0003033505204062
 2458482.7810196722857654       1.0007880417651738       0.0003033505204062
 2458482.8018530216068029       0.9999675686706243       0.0003033505204062
 2458482.8226863709278405       0.9996640709054848       0.0003033505204062
 2458482.8435197207145393       1.0001276263440633       0.0003033505204062
 2458482.8643530705012381       1.0005180436756220       0.0003033505204062
 2458482.8851864207535982       1.0003731002374983       0.0003033505204062
 2458482.9060197710059583       0.9994713282465783       0.0003033505204062
 2458482.9268531217239797       1.0005313298244922       0.0003033505204062
 2458482.9476864724420011       1.0001124993593267       0.0003033505204062
 2458482.9685198231600225       0.9999145009645050       0.0003033505204062
 2458482.9893531748093665       1.0000744255310432       0.0003033505204062
 2458483.0101865259930491       1.0000954366794212       0.0003033505204062
 2458483.0310198776423931       0.9997200044961424       0.0003033505204062
 2458483.0518532297573984       1.0000291954080831       0.0003033505204062
 2458483.0726865818724036       0.9999620376889721       0.0003033505204062
 2458483.0935199344530702       1.0004665833859119       0.0003033505204062
 2458483.1143532870337367       1.0001142852568674       0.0003033505204062
 2458483.1351866400800645       1.0006343698425164       0.0003033505204062
 2458483.1560199931263924       0.9998679547203750       0.0003033505204062
 2458483.1768533466383815       1.0002837528448876       0.0003033505204062
 2458483.1976867001503706       1.0000069087479095       0.0003033505204062
 2458483.2185200536623597       1.0002937167012225       0.0003033505204062
 2458483.2393534081056714       0.9997120156582731       0.0003033505204062
 2458483.2601867620833218       0.9999845109671022       0.0003033505204062
 2458483.2810201165266335       0.9997166483017457       0.0003033505204062
 2458483.3018534714356065       1.0000823536685397       0.0003033505204062
 2458483.3226868263445795       0.9998916604069455       0.0003033505204062
 2458483.3435201817192137       0.9998679591244282       0.0003033505204062
 2458483.3643535370938480       1.0001150516269306       0.0003033505204062
 2458483.3851868929341435       1.0004160497695267       0.0003033505204062
 2458483.4060202487744391       1.0003437634266961       0.0003033505204062
 2458483.4268536050803959       0.9999296890220460       0.0003033505204062
 2458483.4476869613863528       1.0001288541345581       0.0003033505204062
 2458483.4685203181579709       0.9998929485730210       0.0003033505204062
 2458483.4893536749295890       1.0001282609566784       0.0003033505204062
 2458483.5101870317012072       0.9993398597797882       0.0003033505204062
 2458483.5310203894041479       1.0008004541194799       0.0003033505204062
 2458483.5518537466414273       0.9999748806561370       0.0003033505204062
 2458483.5726871048100293       0.9998748553685206       0.0003033505204062
 2458483.5935204625129700       0.9995347362504822       0.0003033505204062
 2458483.6143538211472332       1.0001901548932011       0.0003033505204062
 2458483.6351871793158352       0.9995745322088235       0.0003033505204062
 2458483.6560205384157598       0.9993753110512220       0.0003033505204062
 2458483.6768538970500231       1.0001528464479865       0.0003033505204062
 2458483.6976872566156089       0.9997978247609882       0.0003033505204062
 2458483.7185206157155335       1.0002559906386359       0.0003033505204062
 2458483.7393539757467806       1.0000149162319196       0.0003033505204062
 2458483.7601873353123665       1.0000319686179111       0.0003033505204062
 2458483.7810206958092749       1.0002490750732587       0.0003033505204062
 2458483.8018540563061833       1.0005874476152921       0.0003033505204062
 2458483.8226874168030918       0.9999211227686955       0.0003033505204062
 2458483.8435207777656615       0.9998628440946026       0.0003033505204062
 2458483.8643541387282312       0.9992058688390111       0.0003033505204062
 2458483.8851875001564622       0.9999715895580454       0.0003033505204062
 2458483.9060208615846932       0.9996899590287647       0.0003033505204062
 2458483.9268542234785855       0.9997860566249689       0.0003033505204062
 2458483.9476875858381391       1.0000841231009920       0.0003033505204062
 2458483.9685209477320313       0.9993682221739445       0.0003033505204062
 2458483.9893543105572462       0.9996016487871788       0.0003033505204062
 2458484.0101876733824611       0.9999438427034492       0.0003033505204062
 2458484.0310210362076759       1.0001561094356608       0.0003033505204062
 2458484.0518543994985521       1.0003544507486408       0.0003033505204062
 2458484.0726877632550895       0.9991490218047662       0.0003033505204062
 2458484.0935211270116270       0.9997616961819968       0.0003033505204062
 2458484.1143544907681644       1.0002032871301199       0.0003033505204062
 2458484.1351878549903631       0.9997165350502861       0.0003033505204062
 2458484.1560212196782231       1.0001131046473106       0.0003033505204062
 2458484.1768545843660831       0.9996875596037211       0.0003033505204062
 2458484.1976879490539432       1.0000788173959179       0.0003033505204062
 2458484.2185213146731257       1.0000260880025460       0.0003033505204062
 2458484.2393546798266470       1.0002272827776850       0.0003033505204062
 2458484.2601880454458296       1.0002297677822303       0.0003033505204062
 2458484.2810214115306735       0.9993728278799987       0.0003033505204062
 2458484.3018547776155174       1.0005332976112755       0.0003033505204062
 2458484.3226881441660225       0.9998611021216401       0.0003033505204062
 2458484.3435215107165277       1.0000447017617171       0.0003033505204062
 2458484.3643548777326941       0.9998720265845399       0.0003033505204062
 2458484.3851882447488606       1.0003403203076433       0.0003033505204062
 2458484.4268549797125161       1.0002715734877932       0.0003033505204062
 2458484.4476883476600051       0.9998961503535292       0.0003033505204062
 2458484.4685217156074941       0.9999529568173711       0.0003033505204062
 2458484.4893550840206444       0.9999374973234786       0.0003033505204062
 2458484.5101884528994560       1.0004713918175923       0.0003033505204062
 2458484.5310218217782676       0.9999926434395662       0.0003033505204062
 2458484.5518551906570792       0.9999893910274210       0.0003033505204062
 2458484.5726885600015521       0.9998700004964306       0.0003033505204062
 2458484.5935219298116863       0.9999457384728164       0.0003033505204062
 2458484.6143552996218204       1.0000967934315950       0.0003033505204062
 2458484.6351886694319546       1.0003856773631365       0.0003033505204062
 2458484.6560220397077501       0.9996073982479448       0.0003033505204062
 2458484.6768554104492068       1.0000419269845864       0.0003033505204062
 2458484.6976887811906636       0.9980266038466064       0.0003033505204062
 2458484.7185221523977816       0.9946225807241565       0.0003033505204062
 2458484.7393555236048996       0.9940276016416671       0.0003033505204062
 2458484.7601888952776790       0.9934790440161997       0.0003033505204062
 2458484.7810222669504583       0.9936696367112824       0.0003033505204062
 2458484.8018556390888989       0.9958636709713760       0.0003033505204062
 2458484.8226890116930008       0.9990211476689487       0.0003033505204062
 2458484.8435223842971027       0.9997692738953611       0.0003033505204062
 2458484.8643557569012046       0.9997813326577738       0.0003033505204062
 2458484.8851891299709678       1.0004895967145577       0.0003033505204062
 2458484.9060225035063922       1.0004873970877786       0.0003033505204062
 2458484.9268558770418167       1.0001525787274141       0.0003033505204062
 2458484.9476892505772412       1.0002195649775163       0.0003033505204062
 2458484.9685226245783269       0.9998866413741443       0.0003033505204062
 2458484.9893559990450740       1.0000063498101579       0.0003033505204062
 2458485.0101893735118210       0.9997245617067885       0.0003033505204062
 2458485.0310227484442294       1.0000048024133170       0.0003033505204062
 2458485.0518561238422990       0.9999235945968076       0.0003033505204062
 2458485.0726894987747073       1.0005827626045440       0.0003033505204062
 2458485.0935228746384382       0.9999521825587478       0.0003033505204062
 2458485.1143562505021691       0.9999421990537944       0.0003033505204062
 2458485.1351896263659000       1.0000000000000000       0.0003033505204062
 2458485.1560230026952922       1.0001430182700939       0.0003033505204062
 2458485.1768563794903457       0.9998763838253882       0.0003033505204062
 2458485.1976897562853992       1.0004241647219199       0.0003033505204062
 2458485.2185231335461140       1.0003016532583098       0.0003033505204062
 2458485.2393565108068287       1.0000440749281605       0.0003033505204062
 2458485.2601898885332048       0.9999418663534706       0.0003033505204062
 2458485.2810232662595809       1.0004383001012089       0.0003033505204062
 2458485.3018566444516182       1.0001702393259648       0.0003033505204062
 2458485.3226900231093168       1.0000126336442470       0.0003033505204062
 2458485.3435234017670155       0.9999691264532686       0.0003033505204062
 2458485.3643567804247141       0.9999128321194670       0.0003033505204062
 2458485.3851901600137353       0.9997990397787802       0.0003033505204062
 2458485.4060235391370952       1.0000365157777937       0.0003033505204062
 2458485.4268569191917777       0.9999267193193080       0.0003033505204062
 2458485.4476902987807989       0.9999123794923489       0.0003033505204062
 2458485.4685236793011427       0.9997814712771468       0.0003033505204062
 2458485.4893570598214865       1.0000190229486443       0.0003033505204062
 2458485.5101904403418303       0.9996088731892038       0.0003033505204062
 2458485.5310238213278353       0.9999795980947013       0.0003033505204062
 2458485.5518572027795017       0.9995773464197741       0.0003033505204062
 2458485.5726905842311680       0.9997213804120595       0.0003033505204062
 2458485.5935239661484957       1.0000337466327549       0.0003033505204062
 2458485.6143573480658233       0.9995835042117147       0.0003033505204062
 2458485.6351907304488122       1.0003271350958691       0.0003033505204062
 2458485.6560241132974625       0.9998796605073595       0.0003033505204062
 2458485.6768574961461127       0.9999815127476699       0.0003033505204062
 2458485.6976908794604242       0.9999022714992934       0.0003033505204062
 2458485.7185242627747357       1.0002027772838942       0.0003033505204062
 2458485.7393576465547085       0.9999920803328927       0.0003033505204062
 2458485.7601910303346813       1.0003326959209637       0.0003033505204062
 2458485.7810244145803154       1.0004261955626896       0.0003033505204062
 2458485.8018577992916107       1.0001476972834775       0.0003033505204062
 2458485.8226911840029061       1.0001135457005956       0.0003033505204062
 2458485.8435245687142015       0.9997698691754937       0.0003033505204062
 2458485.8643579543568194       1.0001313842402091       0.0003033505204062
 2458485.8851913395337760       1.0002031297454697       0.0003033505204062
 2458485.9060247256420553       0.9997917868552587       0.0003033505204062
 2458485.9268581117503345       1.0000144964329705       0.0003033505204062
 2458485.9476914983242750       1.0001935737841676       0.0003033505204062
 2458485.9685248848982155       1.0004100054842118       0.0003033505204062
 2458485.9893582719378173       1.0006057116601919       0.0003033505204062
 2458486.0101916589774191       1.0001394119571607       0.0003033505204062
 2458486.0310250464826822       0.9999540349578233       0.0003033505204062
 2458486.0518584339879453       1.0003608170033742       0.0003033505204062
 2458486.0726918224245310       0.9997065693085396       0.0003033505204062
 2458486.0935252103954554       0.9996671244717795       0.0003033505204062
 2458486.1143585992977023       0.9999916850322081       0.0003033505204062
 2458486.1351919881999493       1.0000215023647161       0.0003033505204062
 2458486.1560253771021962       1.0002480052709131       0.0003033505204062
 2458486.1768587664701045       0.9996616641468886       0.0003033505204062
 2458486.1976921563036740       0.9997678048810572       0.0003033505204062
 2458486.2185255466029048       0.9999669986750664       0.0003033505204062
 2458486.2393589369021356       0.9999328518938723       0.0003033505204062
 2458486.2601923272013664       1.0000528053548321       0.0003033505204062
 2458486.2810257179662585       1.0004720760515329       0.0003033505204062
 2458486.3018591091968119       1.0004405340468454       0.0003033505204062
 2458486.3226925008930266       1.0000736531724574       0.0003033505204062
 2458486.3435258925892413       0.9996386429686341       0.0003033505204062
 2458486.3643592842854559       0.9997743743799036       0.0003033505204062
 2458486.3851926769129932       0.9994570770682658       0.0003033505204062
 2458486.4060260695405304       0.9999594216205314       0.0003033505204062
 2458486.4268594621680677       1.0000891328433843       0.0003033505204062
 2458486.4476928552612662       1.0000028803023924       0.0003033505204062
 2458486.4685262488201261       0.9999450052155100       0.0003033505204062
 2458486.4893596423789859       0.9996609526765567       0.0003033505204062
 2458486.5101930364035070       0.9999029220585729       0.0003033505204062
 2458486.5310264308936894       1.0000986984844054       0.0003033505204062
 2458486.5518598253838718       1.0000910899535584       0.0003033505204062
 2458486.5726932203397155       0.9995637647420309       0.0003033505204062
 2458486.5935266157612205       1.0005514659783035       0.0003033505204062
 2458486.6143600111827254       1.0001081078238141       0.0003033505204062
 2458486.6351934070698917       1.0005114791641949       0.0003033505204062
 2458486.6560268029570580       0.9999035632418432       0.0003033505204062
 2458486.6768601993098855       0.9998904662646645       0.0003033505204062
 2458486.6976935961283743       0.9995101979683486       0.0003033505204062
 2458486.7185269929468632       0.9998610323035847       0.0003033505204062
 2458486.7393603902310133       1.0001484771378335       0.0003033505204062
 2458486.7601937879808247       0.9997839176860849       0.0003033505204062
 2458486.7810271857306361       1.0000538103318430       0.0003033505204062
 2458486.8018605839461088       1.0005382027761671       0.0003033505204062
 2458486.8226939826272428       0.9994217108620127       0.0003033505204062
 2458486.8435273813083768       1.0002534588304484       0.0003033505204062
 2458486.8643607804551721       1.0000614581366511       0.0003033505204062
 2458486.8851941800676286       0.9992164317706987       0.0003033505204062
 2458486.9060275796800852       0.9994469564270115       0.0003033505204062
 2458486.9268609797582030       0.9997063392824537       0.0003033505204062
 2458486.9476943803019822       0.9998159071194884       0.0003033505204062
 2458486.9685277808457613       0.9996234858431181       0.0003033505204062
 2458486.9893611818552017       1.0002923363743226       0.0003033505204062
 2458487.0101945833303034       0.9999226666425124       0.0003033505204062
 2458487.0310279848054051       0.9997375046760176       0.0003033505204062
 2458487.0518613867461681       0.9992518718757162       0.0003033505204062
 2458487.0726947891525924       1.0004241866331942       0.0003033505204062
 2458487.0935281915590167       0.9998325896511115       0.0003033505204062
 2458487.1143615944311023       1.0000091800096780       0.0003033505204062
 2458487.1351949977688491       1.0001334321370781       0.0003033505204062
 2458487.1560284015722573       1.0001058623524079       0.0003033505204062
 2458487.1768618053756654       1.0000174718139725       0.0003033505204062
 2458487.1976952096447349       1.0005531651897215       0.0003033505204062
 2458487.2185286139138043       1.0001127110043981       0.0003033505204062
 2458487.2393620191141963       0.9998348064453214       0.0003033505204062
 2458487.2601954238489270       0.9994360379652866       0.0003033505204062
 2458487.2810288295149803       1.0002390508549908       0.0003033505204062
 2458487.3018622356466949       0.9999081297747525       0.0003033505204062
 2458487.3226956417784095       0.9998710485477661       0.0003033505204062
 2458487.3435290483757854       0.9999892582718078       0.0003033505204062
 2458487.3643624549731612       1.0002823942742760       0.0003033505204062
 2458487.3851958620361984       1.0000677132661968       0.0003033505204062
 2458487.4060292695648968       1.0004260315578895       0.0003033505204062
 2458487.4268626775592566       0.9997395574107610       0.0003033505204062
 2458487.4476960855536163       0.9998407077426236       0.0003033505204062
 2458487.4685294944792986       0.9996668926039153       0.0003033505204062
 2458487.4893629034049809       1.0000908733043139       0.0003033505204062
 2458487.5101963123306632       0.9998153021580655       0.0003033505204062
 2458487.5518631320446730       1.0007251649275628       0.0003033505204062
 2458487.5726965423673391       1.0002357976201992       0.0003033505204062
 2458487.5935299531556666       0.9999367626546120       0.0003033505204062
 2458487.6143633639439940       0.9999406939182731       0.0003033505204062
 2458487.6351967751979828       1.0008692278897175       0.0003033505204062
 2458487.6560301869176328       1.0000184113548889       0.0003033505204062
 2458487.6768635991029441       0.9999004524773539       0.0003033505204062
 2458487.6976970112882555       1.0007189027650669       0.0003033505204062
 2458487.7185304244048893       1.0002139209637342       0.0003033505204062
 2458487.7393638375215232       1.0003053357658880       0.0003033505204062
 2458487.7601972511038184       0.9998132824465630       0.0003033505204062
 2458487.7810306646861136       0.9997647122020813       0.0003033505204062
 2458487.8018640791997313       0.9998984979161845       0.0003033505204062
 2458487.8226974937133491       1.0002649618941544       0.0003033505204062
 2458487.8435309086926281       0.9997267077928133       0.0003033505204062
 2458487.8643643241375685       0.9999886815414157       0.0003033505204062
 2458487.8851977395825088       0.9998640143136678       0.0003033505204062
 2458487.9060311559587717       0.9999975370252848       0.0003033505204062
 2458487.9268645723350346       1.0004217795492103       0.0003033505204062
 2458487.9476979891769588       0.9998858266663644       0.0003033505204062
 2458487.9685314064845443       1.0001048024549339       0.0003033505204062
 2458487.9893648242577910       0.9999185675946927       0.0003033505204062
 2458488.0101982424966991       0.9997517631648200       0.0003033505204062
 2458488.0310316607356071       1.0003044956294547       0.0003033505204062
 2458488.0518650794401765       1.0000062666498737       0.0003033505204062
 2458488.0726984986104071       1.0002027614806746       0.0003033505204062
 2458488.0935319182462990       1.0000897542042748       0.0003033505204062
 2458488.1143653383478522       0.9999471775750280       0.0003033505204062
 2458488.1351987589150667       0.9998206515263048       0.0003033505204062
 2458488.1560321799479425       0.9995973298474919       0.0003033505204062
 2458488.1768656009808183       1.0004816177968494       0.0003033505204062
 2458488.1976990224793553       0.9998127963686557       0.0003033505204062
 2458488.2185324449092150       0.9998262203573621       0.0003033505204062
 2458488.2393658673390746       1.0001848194783145       0.0003033505204062
 2458488.2601992902345955       0.9996554687849547       0.0003033505204062
 2458488.2810327135957778       1.0000557335856943       0.0003033505204062
 2458488.3018661374226213       1.0002444292749588       0.0003033505204062
 2458488.3226995612494648       0.9999253550612638       0.0003033505204062
 2458488.3435329860076308       0.9994572391631171       0.0003033505204062
 2458488.3643664112314582       0.9997325076488014       0.0003033505204062
 2458488.3851998364552855       0.9997465031975553       0.0003033505204062
 2458488.4060332626104355       1.0001867324828488       0.0003033505204062
 2458488.4268666887655854       1.0002912929780059       0.0003033505204062
 2458488.4477001153863966       1.0002506113644893       0.0003033505204062
 2458488.4685335429385304       0.9995988846648184       0.0003033505204062
 2458488.4893669704906642       1.0000821878568236       0.0003033505204062
 2458488.5102003985084593       1.0001517260523940       0.0003033505204062
 2458488.5310338274575770       1.0002906187392944       0.0003033505204062
 2458488.5518672564066947       1.0001434180077251       0.0003033505204062
 2458488.5727006858214736       1.0003507553402555       0.0003033505204062
 2458488.5935341157019138       0.9998616572548464       0.0003033505204062
 2458488.6143675460480154       1.0001539800877637       0.0003033505204062
 2458488.6352009773254395       0.9999943188366910       0.0003033505204062
 2458488.6560344086028636       0.9993495064079909       0.0003033505204062
 2458488.6768678403459489       1.0001454621680448       0.0003033505204062
 2458488.6977012730203569       1.0003386500227340       0.0003033505204062
 2458488.7185347056947649       1.0000898779082317       0.0003033505204062
 2458488.7393681393004954       0.9995158461917455       0.0003033505204062
 2458488.7602015729062259       0.9996994783335083       0.0003033505204062
 2458488.7810350074432790       1.0000721787947318       0.0003033505204062
 2458488.8018684419803321       1.0006932866288714       0.0003033505204062
 2458488.8227018774487078       0.9997641573546038       0.0003033505204062
 2458488.8435353133827448       0.9996026929207488       0.0003033505204062
 2458488.8643687497824430       0.9995998309916108       0.0003033505204062
 2458488.8852021866478026       1.0001116199863813       0.0003033505204062
 2458488.9060356239788234       1.0000132414627574       0.0003033505204062
 2458488.9268690622411668       0.9998705864215631       0.0003033505204062
 2458488.9477025005035102       1.0000267583139275       0.0003033505204062
 2458488.9685359396971762       0.9997871366521710       0.0003033505204062
 2458488.9893693793565035       1.0002684092265934       0.0003033505204062
 2458489.0102028194814920       1.0001768996089646       0.0003033505204062
 2458489.0310362600721419       0.9991494790720538       0.0003033505204062
 2458489.0518697015941143       0.9998058512497706       0.0003033505204062
 2458489.0727031431160867       1.0005071115223652       0.0003033505204062
 2458489.0935365855693817       0.9998864803571708       0.0003033505204062
 2458489.1143700289539993       1.0002268074762068       0.0003033505204062
 2458489.1352034723386168       0.9999241975044165       0.0003033505204062
 2458489.1560369166545570       1.0001336532774878       0.0003033505204062
 2458489.1768703614361584       0.9998407568224713       0.0003033505204062
 2458489.1977038066834211       0.9997946716214390       0.0003033505204062
 2458489.2185372523963451       0.9996703298893299       0.0003033505204062
 2458489.2393706990405917       0.9998554433471742       0.0003033505204062
 2458489.2602041461504996       0.9998237138983586       0.0003033505204062
 2458489.2810375941917300       1.0002163075227586       0.0003033505204062
 2458489.3018710426986217       1.0001077824144089       0.0003033505204062
 2458489.3227044916711748       1.0005434218352043       0.0003033505204062
 2458489.3435379415750504       0.9999255598833483       0.0003033505204062
 2458489.3643713919445872       1.0001177063989053       0.0003033505204062
 2458489.3852048427797854       0.9995981975674989       0.0003033505204062
 2458489.4060382945463061       1.0003907855275833       0.0003033505204062
 2458489.4268717467784882       0.9996074756012386       0.0003033505204062
 2458489.4477051999419928       1.0001966192007026       0.0003033505204062
 2458489.4685386535711586       0.9996031474674970       0.0003033505204062
 2458489.4893721081316471       1.0003912856375057       0.0003033505204062
 2458489.5102055636234581       1.0001423078630667       0.0003033505204062
 2458489.5310390191152692       0.9999773917753090       0.0003033505204062
 2458489.5518724760040641       1.0003687152335565       0.0003033505204062
 2458489.5727059333585203       1.0001151499884546       0.0003033505204062
 2458489.5935393911786377       0.9996213478367267       0.0003033505204062
 2458489.6143728499300778       0.9999260516243088       0.0003033505204062
 2458489.6352063096128404       0.9997766509499757       0.0003033505204062
 2458489.6560397697612643       1.0000496187250147       0.0003033505204062
 2458489.6768732308410108       1.0001085731186194       0.0003033505204062
 2458489.6977066928520799       0.9985554634698506       0.0003033505204062
 2458489.7185401553288102       0.9944305320287499       0.0003033505204062
 2458489.7393736192025244       0.9927886296901787       0.0003033505204062
 2458489.7602070830762386       0.9927377871188782       0.0003033505204062
 2458489.7810405483469367       0.9934656971009377       0.0003033505204062
 2458489.8018740140832961       0.9948816801218333       0.0003033505204062
 2458489.8227074807509780       0.9981491771765256       0.0003033505204062
 2458489.8435409483499825       1.0002338334336256       0.0003033505204062
 2458489.8643744168803096       0.9995702270151990       0.0003033505204062
 2458489.8852078858762980       0.9999451206602636       0.0003033505204062
 2458489.9060413562692702       0.9995413786609122       0.0003033505204062
 2458489.9268748271279037       1.0000163244615048       0.0003033505204062
 2458489.9477082989178598       0.9997323457280207       0.0003033505204062
 2458489.9685417716391385       1.0001801713955329       0.0003033505204062
 2458489.9893752452917397       1.0003549247372758       0.0003033505204062
